[gd_scene load_steps=11 format=3 uid="uid://cn1xdmslhw0fl"]

[ext_resource type="Environment" uid="uid://cd7i5msed71mb" path="res://scenes/main-environment.tres" id="1_dbwv2"]
[ext_resource type="PackedScene" uid="uid://dl2ed4gkybggf" path="res://objects/player.tscn" id="2_twrki"]
[ext_resource type="Script" path="res://scripts/view.gd" id="3_jp5j6"]
[ext_resource type="PackedScene" uid="uid://cnymdajj1vsqm" path="res://objects/platform.tscn" id="4_p6vob"]
[ext_resource type="PackedScene" uid="uid://rjh4ifidqrfp" path="res://objects/platform_medium.tscn" id="5_5psin"]
[ext_resource type="PackedScene" uid="uid://c8up71en5djgm" path="res://objects/platform_falling.tscn" id="6_daefs"]
[ext_resource type="PackedScene" uid="uid://h3u651vjsu54" path="res://objects/flag.tscn" id="7_w3a50"]
[ext_resource type="PackedScene" uid="uid://dfpisimsgf5ce" path="res://objects/coin.tscn" id="8_0jyfx"]
[ext_resource type="PackedScene" uid="uid://dy017k58p20sk" path="res://objects/cloud.tscn" id="9_fpvru"]
[ext_resource type="PackedScene" uid="uid://b3b5x3h00kvuv" path="res://objects/sign.tscn" id="13_u6byo"]

[node name="Main4" type="Node3D"]

[node name="Environment" type="WorldEnvironment" parent="."]
environment = ExtResource("1_dbwv2")

[node name="Player" parent="." node_paths=PackedStringArray("view") instance=ExtResource("2_twrki")]
transform = Transform3D(1, 0, 0, 0, 1, 0, 0, 0, 1, 2.08165e-12, 15, 2.08165e-12)
view = NodePath("../View")

[node name="View" type="Node3D" parent="." node_paths=PackedStringArray("target")]
transform = Transform3D(-0.939495, 0.144773, -0.310466, 3.48446e-08, 0.906308, 0.422618, 0.342561, 0.397048, -0.851472, 0.0332996, 0, -0.0625134)
script = ExtResource("3_jp5j6")
target = NodePath("../Player")

[node name="Camera" type="Camera3D" parent="View"]
transform = Transform3D(1, 3.67904e-07, 6.19923e-08, 2.84991e-09, 1, -1.76673e-07, 3.53321e-08, 1.94465e-08, 1, -2.01715e-07, 4.40447e-07, 10)
current = true
fov = 40.0

[node name="AudioListener3D" type="AudioListener3D" parent="View"]
transform = Transform3D(1, 0, 0, 0, 1, 1.19209e-07, 0, 0, 1, 0, 1, 0)
current = true

[node name="World" type="Node3D" parent="."]

[node name="flag" parent="World" instance=ExtResource("7_w3a50")]
transform = Transform3D(0.309797, 0, 0.950803, 0, 1, 0, -0.950803, 0, 0.309797, 0.431318, 0.48077, 23.8965)
load_scene = "res://scenes/scene6a.tscn"

[node name="platform" parent="World" instance=ExtResource("4_p6vob")]
transform = Transform3D(-0.345478, 0, 0.938427, 0, 1, 0, -0.938427, 0, -0.345478, 0.0332996, 0, -0.0625134)

[node name="Sign" parent="World/platform" instance=ExtResource("13_u6byo")]
transform = Transform3D(-1.14086, -0.306297, 0.924458, -0.14335, 1.46119, 0.307222, -0.963271, 0.145317, -1.14061, -0.621863, 0.453787, 0.62033)

[node name="Plate" parent="World/platform/Sign/Stick" index="0"]
transform = Transform3D(0.995302, -0.0968185, 0, 0.0968186, 0.995302, 1.11759e-08, 5.96046e-08, -3.72529e-08, 1, -0.0238903, 0.126013, 0.0251027)

[node name="Text" parent="World/platform/Sign/Stick/Plate" index="0"]
transform = Transform3D(1, 1.03778e-08, -2.03212e-08, -1.03778e-08, 1, 1.38948e-08, 2.03212e-08, -1.38948e-08, 1, 1.49012e-08, -1.78814e-07, 0.0136719)
text = "Be Quick!"

[node name="platform-medium3" parent="World" instance=ExtResource("5_5psin")]
transform = Transform3D(-0.453259, 0, 0.891379, 0, 1, 0, -0.891379, 0, -0.453259, 0.431318, 0, 23.8965)

[node name="platform-falling" parent="World" instance=ExtResource("6_daefs")]
transform = Transform3D(-0.124346, 0, -0.992239, 0, 1, 0, 0.992239, 0, -0.124346, 0.142147, 0, 17.1858)

[node name="platform-falling2" parent="World" instance=ExtResource("6_daefs")]
transform = Transform3D(-0.393027, 0, -0.919527, 0, 1, 0, 0.919527, 0, -0.393027, 0.0415817, 0, 10.8735)

[node name="platform-falling3" parent="World" instance=ExtResource("6_daefs")]
transform = Transform3D(0.049843, 0, -0.998757, 0, 1, 0, 0.998757, 0, 0.049843, 0.0842993, 0, 4.63254)

[node name="coin" parent="World" instance=ExtResource("8_0jyfx")]
transform = Transform3D(-0.453259, 0, 0.891379, 0, 1, 0, -0.891379, 0, -0.453259, 0.54917, 1, 22.9637)

[node name="coin2" parent="World" instance=ExtResource("8_0jyfx")]
transform = Transform3D(-1, 0, 8.74228e-08, 0, 1, 0, -8.74228e-08, 0, -1, 0.139765, 0.891997, 4.58897)

[node name="coin6" parent="World" instance=ExtResource("8_0jyfx")]
transform = Transform3D(-1, 0, 8.74228e-08, 0, 1, 0, -8.74228e-08, 0, -1, 0.0899491, 0.611027, 10.8257)

[node name="coin8" parent="World" instance=ExtResource("8_0jyfx")]
transform = Transform3D(-1, 0, 8.74228e-08, 0, 1, 0, -8.74228e-08, 0, -1, -0.151545, 0.852758, 16.9804)

[node name="cube8" parent="World" instance=ExtResource("9_fpvru")]
transform = Transform3D(-1, 0, 8.74228e-08, 0, 1, 0, -8.74228e-08, 0, -1, -2.70606, -1.76402, 3.66606)

[node name="cube9" parent="World" instance=ExtResource("9_fpvru")]
transform = Transform3D(-1.27593, 0.401864, -0.422933, 0.471408, 1.30937, -0.178025, 0.343721, -0.304009, -1.32582, -4.45914, -2.0253, 20.6765)

[node name="cube10" parent="World" instance=ExtResource("9_fpvru")]
transform = Transform3D(-1.27593, 0.401864, -0.422933, 0.471408, 1.30937, -0.178025, 0.343721, -0.304009, -1.32582, 6.21264, 0.451946, 20.6765)

[node name="cube13" parent="World" instance=ExtResource("9_fpvru")]
transform = Transform3D(-0.474413, 0.344112, 1.27471, 0.471408, 1.30937, -0.178025, -1.23332, 0.368107, -0.558379, 6.21264, -3.05946, 27.0376)

[node name="cube11" parent="World" instance=ExtResource("9_fpvru")]
transform = Transform3D(-0.476646, -0.924607, -0.941422, -0.929853, 0.945559, -0.457882, 0.93624, 0.468385, -0.934042, 4.42343, -2.59995, 20.5079)

[node name="cube12" parent="World" instance=ExtResource("9_fpvru")]
transform = Transform3D(1.02876, 0.695523, -0.652886, -0.929853, 0.945557, -0.457881, 0.213027, 0.768461, 1.15432, -3.5283, 2.79508, 23.1708)

[node name="cube14" parent="World" instance=ExtResource("9_fpvru")]
transform = Transform3D(-1.56209, 1.37982, -1.71508, 1.97375, 1.80907, -0.342241, 0.974547, -1.4522, -2.05595, 3.6911, 0.696751, 25.2331)

[node name="cube15" parent="World" instance=ExtResource("9_fpvru")]
transform = Transform3D(-1.56209, 1.37982, -1.71508, 1.97375, 1.80907, -0.342241, 0.974547, -1.4522, -2.05595, 4.78466, 0.479233, 4.67291)

[node name="Sun" type="DirectionalLight3D" parent="."]
transform = Transform3D(-0.616308, 0.603264, -0.506199, 5.00769e-09, 0.642788, 0.766044, 0.787505, 0.472119, -0.396156, 0.0332996, 0, -0.0625134)
shadow_enabled = true
shadow_opacity = 0.75

[connection signal="captured" from="World/flag" to="View" method="_on_flag_captured"]

[editable path="World/platform/Sign"]
