[gd_scene load_steps=10 format=3 uid="uid://bucuhcsp3jjb3"]

[ext_resource type="Environment" uid="uid://yd8563yoixsx" path="res://scenes/dark-environment.tres" id="1_ufqgo"]
[ext_resource type="PackedScene" uid="uid://dl2ed4gkybggf" path="res://objects/player.tscn" id="2_srvr3"]
[ext_resource type="Script" path="res://scripts/view.gd" id="3_3syqp"]
[ext_resource type="PackedScene" uid="uid://cnymdajj1vsqm" path="res://objects/platform.tscn" id="4_w1v07"]
[ext_resource type="PackedScene" uid="uid://rjh4ifidqrfp" path="res://objects/platform_medium.tscn" id="5_3t8ae"]
[ext_resource type="PackedScene" uid="uid://c8up71en5djgm" path="res://objects/platform_falling.tscn" id="6_q4amc"]
[ext_resource type="PackedScene" uid="uid://h3u651vjsu54" path="res://objects/flag.tscn" id="8_5e1x1"]
[ext_resource type="PackedScene" uid="uid://dfpisimsgf5ce" path="res://objects/coin.tscn" id="9_3u0h6"]
[ext_resource type="PackedScene" uid="uid://dy017k58p20sk" path="res://objects/cloud.tscn" id="11_5xjy2"]

[node name="Main3" type="Node3D"]

[node name="Environment" type="WorldEnvironment" parent="."]
environment = ExtResource("1_ufqgo")

[node name="Player" parent="." node_paths=PackedStringArray("view") instance=ExtResource("2_srvr3")]
transform = Transform3D(1, 0, 0, 0, 1, 0, 0, 0, 1, 2.08165e-12, 15, 2.08165e-12)
collision_layer = 2
view = NodePath("../View")

[node name="OmniLight3D" type="OmniLight3D" parent="Player"]
transform = Transform3D(1, 0, 0, 0, 1, 0, 0, 0, 1, -0.505754, 1, 0.483252)

[node name="OmniLight3D3" type="OmniLight3D" parent="Player"]
transform = Transform3D(1, 0, 0, 0, 1, 0, 0, 0, 1, 0.0439787, 1.27579, -0.933213)
light_energy = 0.5
light_cull_mask = 4294967293

[node name="OmniLight3D2" type="OmniLight3D" parent="Player"]
transform = Transform3D(1, 0, 0, 0, 1, 0, 0, 0, 1, 0.584735, 1, 0.483252)
light_cull_mask = 4294967293

[node name="View" type="Node3D" parent="." node_paths=PackedStringArray("target")]
transform = Transform3D(-0.0431661, -0.422224, 0.905463, -1.75398e-15, 0.906308, 0.422618, -0.999068, 0.0182428, -0.0391217, 2.08165e-12, 2.08165e-12, 2.08165e-12)
script = ExtResource("3_3syqp")
target = NodePath("../Player")

[node name="Camera" type="Camera3D" parent="View"]
transform = Transform3D(1, -1.15144e-08, -9.0597e-09, -1.36865e-09, 1, -3.56704e-07, -9.84492e-09, -4.96793e-09, 1, -5.67102e-08, 4.20925e-07, 10)
fov = 40.0

[node name="AudioListener3D" type="AudioListener3D" parent="View"]
transform = Transform3D(1, 0, 0, 0, 1, 1.19209e-07, 0, 0, 1, 0, 1, 0)
current = true

[node name="Sun" type="DirectionalLight3D" parent="."]
transform = Transform3D(-0.422618, -0.694272, 0.582564, 0, 0.642788, 0.766044, -0.906308, 0.323744, -0.271654, 0, 0, 0)
visible = false
shadow_enabled = true
shadow_opacity = 0.75

[node name="World" type="Node3D" parent="."]

[node name="flag" parent="World" instance=ExtResource("8_5e1x1")]
transform = Transform3D(0.707107, 0, -0.707107, 0, 1, 0, 0.707107, 0, 0.707107, -11.8811, 3.48077, -0.384008)
load_scene = "res://scenes/scene4.tscn"

[node name="platform" parent="World" instance=ExtResource("4_w1v07")]
transform = Transform3D(0.993085, 0, -0.117399, 0, 1, 0, 0.117399, 0, 0.993085, 0, 0, 0)

[node name="platform2" parent="World" instance=ExtResource("4_w1v07")]
transform = Transform3D(1, 0, 0, 0, 1, 0, 0, 0, 1, -6.18898, 2, 0.0760965)

[node name="platform3" parent="World" instance=ExtResource("4_w1v07")]
transform = Transform3D(0.966237, 0, -0.257656, 0, 1, 0, 0.257656, 0, 0.966237, -8.63317, 3, -0.791451)

[node name="platform-medium" parent="World" instance=ExtResource("5_3t8ae")]
transform = Transform3D(0.996134, 0, 0.0878512, 0, 1, 0, -0.0878512, 0, 0.996134, -3, 0, 0)

[node name="platform-medium3" parent="World" instance=ExtResource("5_3t8ae")]
transform = Transform3D(1, 0, 0, 0, 1, 0, 0, 0, 1, -11.8811, 3, -0.384008)

[node name="platform-falling2" parent="World" instance=ExtResource("6_q4amc")]
transform = Transform3D(0.55281, 0, 0.833308, 0, 1, 0, -0.833308, 0, 0.55281, -5.92632, -0.315063, -2.63388)

[node name="coin11" parent="World" instance=ExtResource("9_3u0h6")]
transform = Transform3D(1, 0, 0, 0, 1, 0, 0, 0, 1, -3.02148, 0.635, 0.0832754)

[node name="coin8" parent="World" instance=ExtResource("9_3u0h6")]
transform = Transform3D(1, 0, 0, 0, 1, 0, 0, 0, 1, -5.92365, 0.801836, -2.57583)

[node name="coin12" parent="World" instance=ExtResource("9_3u0h6")]
transform = Transform3D(1, 0, 0, 0, 1, 0, 0, 0, 1, -2.72891, 0.801836, -2.57583)

[node name="platform-falling4" parent="World" instance=ExtResource("6_q4amc")]
transform = Transform3D(0.994522, 0, -0.104528, 0, 1, 0, 0.104528, 0, 0.994522, -5.92632, -0.315063, 2.94062)

[node name="coin15" parent="World" instance=ExtResource("9_3u0h6")]
transform = Transform3D(1, 0, 0, 0, 1, 0, 0, 0, 1, -5.96781, 0.801836, 2.86617)

[node name="coin16" parent="World" instance=ExtResource("9_3u0h6")]
transform = Transform3D(1, 0, 0, 0, 1, 0, 0, 0, 1, -2.45873, 0.801836, 2.86617)

[node name="coin9" parent="World" instance=ExtResource("9_3u0h6")]
transform = Transform3D(1, 0, 0, 0, 1, 0, 0, 0, 1, -9.91712, 4.4548, -0.804869)

[node name="cube8" parent="World" instance=ExtResource("11_5xjy2")]
transform = Transform3D(1, 0, 0, 0, 1, 0, 0, 0, 1, -9.5402, 1.10741, 2.02348)

[node name="cube9" parent="World" instance=ExtResource("11_5xjy2")]
transform = Transform3D(1.27593, -0.401864, 0.422933, 0.471408, 1.30937, -0.178025, -0.343721, 0.304009, 1.32582, -14.5153, 1.37146, 3.11883)

[node name="cube10" parent="World" instance=ExtResource("11_5xjy2")]
transform = Transform3D(1.32811, 0.370441, 0.259369, -0.293866, 1.3186, -0.37854, -0.34372, 0.30401, 1.32582, -10.3959, 2.03819, -5.80037)

[node name="cube11" parent="World" instance=ExtResource("11_5xjy2")]
transform = Transform3D(0.476646, 0.924607, 0.941422, -0.929853, 0.945559, -0.457882, -0.93624, -0.468385, 0.934042, -3.78542, 2.03819, -5.26729)

[node name="cube12" parent="World" instance=ExtResource("11_5xjy2")]
transform = Transform3D(-1.02876, -0.695523, 0.652886, -0.929853, 0.945557, -0.457881, -0.213027, -0.768461, -1.15432, -16.0612, 2.79508, -3.46796)

[node name="cube13" parent="World" instance=ExtResource("11_5xjy2")]
transform = Transform3D(1.56209, -1.37982, 1.71508, 1.97375, 1.80907, -0.342241, -0.974547, 1.4522, 2.05595, -14.1965, 2.03819, -9.38109)

[node name="cube14" parent="World" instance=ExtResource("11_5xjy2")]
transform = Transform3D(1.56209, -1.37982, 1.71508, 1.97375, 1.80907, -0.342241, -0.974547, 1.4522, 2.05595, -10.2985, 2.03819, 6.59392)

[connection signal="captured" from="World/flag" to="View" method="_on_flag_captured"]
